Programmstart:
Programmcounter	Instruction	Operand	Accumulator	Memory
----------------------------------------------------------------
1		JMZ		1	0		10 25 10 25 0 0 0 0 0 0 0 0 0 0 0 0 
-1		HLT		0	0		10 25 10 25 0 0 0 0 0 0 0 0 0 0 0 0 
0		LDA		2	10		10 25 10 25 0 0 0 0 0 0 0 0 0 0 0 0 
1		ADD		3	35		10 25 10 25 0 0 0 0 0 0 0 0 0 0 0 0 
2		STA		4	35		10 25 10 25 35 0 0 0 0 0 0 0 0 0 0 0 
-1		HLT		0	35		10 25 10 25 35 0 0 0 0 0 0 0 0 0 0 0 
----------------------------------------------------------------
Programmende:
Accumulator: 35
Programmcounter: -1
