Programmstart:
Programmcounter	Instruction	Operand	Accumulator	Memory
----------------------------------------------------------------
1		LDA		1	7		21 7 0 0 0 0 0 0 0 0 0 0 0 0 0 0 
2		STA		0	7		7 7 0 0 0 0 0 0 0 0 0 0 0 0 0 0 
3		LDA		2	0		7 7 0 0 0 0 0 0 0 0 0 0 0 0 0 0 
4		STA		1	0		7 0 0 0 0 0 0 0 0 0 0 0 0 0 0 0 
5		LDA		0	7		7 0 0 0 0 0 0 0 0 0 0 0 0 0 0 0 
6		SUB		1	7		7 0 0 0 0 0 0 0 0 0 0 0 0 0 0 0 
7		JMZ		11	7		7 0 0 0 0 0 0 0 0 0 0 0 0 0 0 0 
8		LDA		3	0		7 0 0 0 0 0 0 0 0 0 0 0 0 0 0 0 
9		ADD		4	0		7 0 0 0 0 0 0 0 0 0 0 0 0 0 0 0 
10		STA		3	0		7 0 0 0 0 0 0 0 0 0 0 0 0 0 0 0 
5		JMP		5	0		7 0 0 0 0 0 0 0 0 0 0 0 0 0 0 0 
-1		HLT		0	0		7 0 0 0 0 0 0 0 0 0 0 0 0 0 0 0 
----------------------------------------------------------------
Programmende:
Accumulator: 0
Programmcounter: -1
