Programmstart:
Programmcounter	Instruction	Operand	Accumulator	Memory
----------------------------------------------------------------
1		LDA		2	1		6 1 1 0 0 0 0 0 0 0 0 0 0 0 0 0 
2		ADD		3	1		6 1 1 0 0 0 0 0 0 0 0 0 0 0 0 0 
3		STA		4	1		6 1 1 0 1 0 0 0 0 0 0 0 0 0 0 0 
4		LDA		3	0		6 1 1 0 1 0 0 0 0 0 0 0 0 0 0 0 
5		STA		2	0		6 1 0 0 1 0 0 0 0 0 0 0 0 0 0 0 
6		LDA		4	1		6 1 0 0 1 0 0 0 0 0 0 0 0 0 0 0 
7		STA		3	1		6 1 0 1 1 0 0 0 0 0 0 0 0 0 0 0 
8		LDA		0	6		6 1 0 1 1 0 0 0 0 0 0 0 0 0 0 0 
9		SUB		1	5		6 1 0 1 1 0 0 0 0 0 0 0 0 0 0 0 
10		STA		0	5		5 1 0 1 1 0 0 0 0 0 0 0 0 0 0 0 
11		JMZ		12	5		5 1 0 1 1 0 0 0 0 0 0 0 0 0 0 0 
0		JMP		0	5		5 1 0 1 1 0 0 0 0 0 0 0 0 0 0 0 
-1		HLT		0	5		5 1 0 1 1 0 0 0 0 0 0 0 0 0 0 0 
----------------------------------------------------------------
Programmende:
Accumulator: 5
Programmcounter: -1
