Programmstart:
Programmcounter	Instruction	Operand	Accumulator	Memory
----------------------------------------------------------------
-1		HLT		0	0		10 2 0 1 0 0 0 0 0 0 0 0 0 0 0 0 
0		LDA		0	10		10 2 0 1 0 0 0 0 0 0 0 0 0 0 0 0 
1		SUB		1	8		10 2 0 1 0 0 0 0 0 0 0 0 0 0 0 0 
2		STA		0	8		8 2 0 1 0 0 0 0 0 0 0 0 0 0 0 0 
3		LDA		2	0		8 2 0 1 0 0 0 0 0 0 0 0 0 0 0 0 
4		ADD		3	1		8 2 0 1 0 0 0 0 0 0 0 0 0 0 0 0 
5		STA		2	1		8 2 1 1 0 0 0 0 0 0 0 0 0 0 0 0 
6		LDA		0	8		8 2 1 1 0 0 0 0 0 0 0 0 0 0 0 0 
7		JMZ		10	8		8 2 1 1 0 0 0 0 0 0 0 0 0 0 0 0 
1		JMP		1	8		8 2 1 1 0 0 0 0 0 0 0 0 0 0 0 0 
2		LDA		2	1		8 2 1 1 0 0 0 0 0 0 0 0 0 0 0 0 
0		JMP		0	1		8 2 1 1 0 0 0 0 0 0 0 0 0 0 0 0 
-1		HLT		0	1		8 2 1 1 0 0 0 0 0 0 0 0 0 0 0 0 
----------------------------------------------------------------
Programmende:
Accumulator: 1
Programmcounter: -1
