Programmstart:
Programmcounter	Instruction	Operand	Accumulator	Memory
----------------------------------------------------------------
1		LDA		1	5		0 5 10 15 20 0 0 0 0 0 0 0 0 0 0 0 
2		STA		0	5		5 5 10 15 20 0 0 0 0 0 0 0 0 0 0 0 
3		LDA		2	10		5 5 10 15 20 0 0 0 0 0 0 0 0 0 0 0 
4		STA		1	10		5 10 10 15 20 0 0 0 0 0 0 0 0 0 0 0 
5		LDA		3	15		5 10 10 15 20 0 0 0 0 0 0 0 0 0 0 0 
6		ADD		0	20		5 10 10 15 20 0 0 0 0 0 0 0 0 0 0 0 
7		STA		3	20		5 10 10 20 20 0 0 0 0 0 0 0 0 0 0 0 
8		LDA		4	20		5 10 10 20 20 0 0 0 0 0 0 0 0 0 0 0 
9		ADD		3	40		5 10 10 20 20 0 0 0 0 0 0 0 0 0 0 0 
10		STA		3	40		5 10 10 40 20 0 0 0 0 0 0 0 0 0 0 0 
-1		HLT		0	40		5 10 10 40 20 0 0 0 0 0 0 0 0 0 0 0 
----------------------------------------------------------------
Programmende:
Accumulator: 40
Programmcounter: -1
