Programmstart:
Programmcounter	Instruction	Operand	Accumulator	Memory
----------------------------------------------------------------
1		LDA		1	2		0 2 3 0 0 0 1 0 0 0 0 0 0 0 0 0 
2		STA		0	2		2 2 3 0 0 0 1 0 0 0 0 0 0 0 0 0 
3		LDA		2	3		2 2 3 0 0 0 1 0 0 0 0 0 0 0 0 0 
4		STA		1	3		2 3 3 0 0 0 1 0 0 0 0 0 0 0 0 0 
5		LDA		0	2		2 3 3 0 0 0 1 0 0 0 0 0 0 0 0 0 
6		SUB		3	2		2 3 3 0 0 0 1 0 0 0 0 0 0 0 0 0 
7		JMZ		9	2		2 3 3 0 0 0 1 0 0 0 0 0 0 0 0 0 
8		LDA		4	0		2 3 3 0 0 0 1 0 0 0 0 0 0 0 0 0 
9		ADD		1	3		2 3 3 0 0 0 1 0 0 0 0 0 0 0 0 0 
10		STA		4	3		2 3 3 0 3 0 1 0 0 0 0 0 0 0 0 0 
11		LDA		0	2		2 3 3 0 3 0 1 0 0 0 0 0 0 0 0 0 
12		SUB		5	2		2 3 3 0 3 0 1 0 0 0 0 0 0 0 0 0 
13		STA		0	2		2 3 3 0 3 0 1 0 0 0 0 0 0 0 0 0 
5		JMP		5	2		2 3 3 0 3 0 1 0 0 0 0 0 0 0 0 0 
-1		HLT		0	2		2 3 3 0 3 0 1 0 0 0 0 0 0 0 0 0 
----------------------------------------------------------------
Programmende:
Accumulator: 2
Programmcounter: -1
